{
    "scenarios": {
        "subsidy": {
            "fuel_price_per_liter": 5000.0,
            "server_cost_per_ms": 50.0
        },
        "crisis": {
            "fuel_price_per_liter": 20000.0,
            "server_cost_per_ms": 50.0
        }
    },
    "hub_index": 0,
    "locations": [
        {"id": 0, "name": "Hub Gudang Pusat"},
        {"id": 1, "name": "Pelanggan 1 (Pasteur)"},
        {"id": 2, "name": "Pelanggan 2 (Dago)"},
        {"id": 3, "name": "Pelanggan 3 (Cihampelas)"},
        {"id": 4, "name": "Pelanggan 4 (Gedung Sate)"},
        {"id": 5, "name": "Pelanggan 5 (Gasibu)"},
        {"id": 6, "name": "Pelanggan 6 (Paskal)"},
        {"id": 7, "name": "Pelanggan 7 (Stasiun)"},
        {"id": 8, "name": "Pelanggan 8 (Alun-Alun)"},
        {"id": 9, "name": "Pelanggan 9 (Dago Atas)"},
        {"id": 10, "name": "Pelanggan 10 (ITB)"},
        {"id": 11, "name": "Pelanggan 11 (Paris Van Java)"},
        {"id": 12, "name": "Pelanggan 12 (Trans Studio)"}
    ],
    "package_weights": [
        0.0,
        5.5,
        2.0,
        8.0,
        3.5,
        10.0,
        4.0,
        1.5,
        6.0,
        7.5,
        2.5,
        5.0,
        3.0
    ],
    "distance_matrix": [
        [0.0, 4.2, 7.1, 5.0, 6.2, 6.8, 3.5, 3.8, 4.5, 9.2, 6.0, 5.5, 8.5],
        [4.2, 0.0, 5.5, 3.2, 4.8, 5.4, 2.5, 3.0, 4.8, 8.0, 4.5, 2.8, 9.8],
        [7.1, 5.5, 0.0, 3.8, 2.2, 2.0, 5.0, 4.8, 6.2, 3.5, 1.8, 4.2, 6.5],
        [5.0, 3.2, 3.8, 0.0, 2.8, 3.4, 3.0, 3.2, 5.2, 6.0, 2.5, 1.5, 8.0],
        [6.2, 4.8, 2.2, 2.8, 0.0, 0.8, 4.0, 3.8, 4.8, 4.5, 1.5, 3.2, 5.0],
        [6.8, 5.4, 2.0, 3.4, 0.8, 0.0, 4.6, 4.2, 5.2, 4.0, 1.8, 3.8, 4.8],
        [3.5, 2.5, 5.0, 3.0, 4.0, 4.6, 0.0, 1.2, 2.5, 7.5, 3.8, 3.2, 7.8],
        [3.8, 3.0, 4.8, 3.2, 3.8, 4.2, 1.2, 0.0, 1.8, 7.2, 3.5, 3.5, 7.0],
        [4.5, 4.8, 6.2, 5.2, 4.8, 5.2, 2.5, 1.8, 0.0, 8.5, 4.8, 5.5, 5.8],
        [9.2, 8.0, 3.5, 6.0, 4.5, 4.0, 7.5, 7.2, 8.5, 0.0, 3.8, 6.8, 8.5],
        [6.0, 4.5, 1.8, 2.5, 1.5, 1.8, 3.8, 3.5, 4.8, 3.8, 0.0, 2.8, 6.0],
        [5.5, 2.8, 4.2, 1.5, 3.2, 3.8, 3.2, 3.5, 5.5, 6.8, 2.8, 0.0, 8.5],
        [8.5, 9.8, 6.5, 8.0, 5.0, 4.8, 7.8, 7.0, 5.8, 8.5, 6.0, 8.5, 0.0]
    ]
}
